HepG2   Meta    K562    3   1   1.0000  0.0100  0.20    0.6263  77.8617 0.8473  0.5542  0.9282  0.0006  0.5016  14.6082 22.9467 1595.0000   11398.0000
HepG2   Meta    LCL 3   1   1.0000  0.0100  0.20    0.5725  58.5138 0.6402  0.3238  0.6968  0.0004  1.6245  3.1408  9.5668  2770.0000   18100.0000
HepG2   Double  K562    3   1   1.0000  0.0100  0.20    0.7021  74.4252 0.8520  0.5518  0.9273  0.0006  0.8150  10.6583 21.0031 1595.0000   11398.0000
HepG2   Double  LCL 3   1   1.0000  0.0100  0.20    0.6684  60.9858 0.6418  0.3553  0.7406  0.0004  6.7509  10.4332 13.6823 2770.0000   18100.0000
HepG2   Simple  K562    3   1   1.0000  0.0100  0.20    0.7069  70.6775 0.7984  0.5005  0.9044  0.0006  1.8182  10.2194 18.0564 1595.0000   11398.0000
HepG2   Simple  LCL 3   1   1.0000  0.0100  0.20    0.6698  59.7759 0.6110  0.3256  0.6986  0.0004  0.4693  4.1155  10.2166 2770.0000   18100.0000
K562    Meta    HepG2   3   1   1.0000  0.0100  0.20    nan 70.3788 0.7667  0.4670  0.8600  0.0000  0.0000  0.0000  16.0852 1691.0000   10478.0000
K562    Meta    LCL 3   1   1.0000  0.0100  0.20    nan 59.2988 0.6618  0.3436  0.7323  0.0065  1.7690  5.1264  10.1444 2770.0000   18100.0000
K562    Double  HepG2   3   1   1.0000  0.0100  0.20    0.7445  66.9538 0.7713  0.4666  0.8606  0.0006  0.1774  0.1774  10.9403 1691.0000   10478.0000
K562    Double  LCL 3   1   1.0000  0.0100  0.20    0.6681  61.8359 0.6523  0.3627  0.7536  0.0004  6.6426  9.6029  14.0794 2770.0000   18100.0000
K562    Simple  HepG2   3   1   1.0000  0.0100  0.20    0.7574  63.8802 0.7426  0.4427  0.8407  0.0006  0.0591  0.0591  13.8971 1691.0000   10478.0000
K562    Simple  LCL 3   1   1.0000  0.0100  0.20    0.6965  57.4920 0.5856  0.2892  0.6401  0.0004  0.0722  0.0722  5.1986  2770.0000   18100.0000
LCL Meta    K562    3   1   1.0000  0.0100  0.20    0.7252  66.8671 0.8538  0.5568  0.9294  0.0006  3.0721  10.9091 21.6301 1595.0000   11398.0000
LCL Meta    HepG2   3   1   1.0000  0.0100  0.20    0.7402  62.0492 0.7617  0.4602  0.8524  0.0006  0.7688  8.3974  14.3702 1691.0000   10478.0000
LCL Double  K562    3   1   1.0000  0.0100  0.20    0.7334  67.6084 0.8542  0.5632  0.9331  0.0006  1.8809  14.1693 24.2006 1595.0000   11398.0000
LCL Double  HepG2   3   1   1.0000  0.0100  0.20    0.7516  63.6575 0.7752  0.4651  0.8604  0.0000  0.0000  0.7096  15.7303 1691.0000   10478.0000
LCL Simple  K562    3   1   1.0000  0.0100  0.20    0.7502  68.6688 0.8291  0.5030  0.9079  0.0006  1.3793  6.3950  17.9310 1595.0000   11398.0000
LCL Simple  HepG2   3   1   1.0000  0.0100  0.20    0.7686  61.5063 0.7382  0.4298  0.8300  0.0006  0.0591  3.0751  10.9994 1691.0000   10478.0000
HepG2   Meta    K562    8   0   0.0010  1.0000  0.20    nan 61.7338 0.7113  0.4054  0.8102  0.0000  0.0000  0.0000  0.0000  1595.0000   11398.0000
HepG2   Meta    LCL 8   0   0.0010  1.0000  0.20    nan 53.9213 0.5652  0.2686  0.5624  0.0000  0.0000  0.0000  0.0000  2770.0000   18100.0000
HepG2   Double  K562    8   0   0.0010  1.0000  0.20    nan 70.3655 0.7870  0.3497  0.8052  0.0000  0.0000  0.0000  0.0000  1595.0000   11398.0000
HepG2   Double  LCL 8   0   0.0010  1.0000  0.20    nan 61.0386 0.6729  0.2688  0.6131  0.0000  0.0000  0.0000  0.0000  2770.0000   18100.0000
HepG2   Simple  K562    8   0   0.0010  1.0000  0.20    nan 70.5569 0.7426  0.4583  0.8788  0.0000  0.0000  0.0000  16.4263 1595.0000   11398.0000
HepG2   Simple  LCL 8   0   0.0010  1.0000  0.20    nan 57.9026 0.5918  0.2778  0.5972  0.0000  0.0000  0.0000  4.2599  2770.0000   18100.0000
K562    Meta    HepG2   8   0   0.0010  1.0000  0.20    nan 68.3619 0.7723  0.4623  0.8293  0.0000  0.0000  0.0000  0.0000  1691.0000   10478.0000
K562    Meta    LCL 8   0   0.0010  1.0000  0.20    nan 58.8627 0.6857  0.3327  0.7001  0.0000  0.0000  0.0000  0.0000  2770.0000   18100.0000
K562    Double  HepG2   8   0   0.0010  1.0000  0.20    nan 70.6559 0.7999  0.4832  0.8659  0.0000  0.0000  0.0000  0.0000  1691.0000   10478.0000
K562    Double  LCL 8   0   0.0010  1.0000  0.20    nan 63.6530 0.6934  0.3350  0.6877  0.0000  0.0000  8.3032  11.1913 2770.0000   18100.0000
K562    Simple  HepG2   8   0   0.0010  1.0000  0.20    nan 70.7221 0.7720  0.4566  0.8508  0.0000  0.0000  0.0000  11.1177 1691.0000   10478.0000
K562    Simple  LCL 8   0   0.0010  1.0000  0.20    nan 57.7438 0.6123  0.2860  0.6187  0.0000  0.0000  0.0000  0.0000  2770.0000   18100.0000
LCL Meta    K562    8   0   0.0010  1.0000  0.20    nan 72.5925 0.8155  0.4845  0.7532  0.0000  0.0000  0.0000  0.0000  1595.0000   11398.0000
LCL Meta    HepG2   8   0   0.0010  1.0000  0.20    nan 65.3775 0.7365  0.4358  0.6672  0.0000  0.0000  0.0000  0.0000  1691.0000   10478.0000
LCL Double  K562    8   0   0.0010  1.0000  0.20    nan 74.5602 0.8656  0.5597  0.9170  0.0000  0.0000  0.0000  0.0000  1595.0000   11398.0000
LCL Double  HepG2   8   0   0.0010  1.0000  0.20    nan 68.2491 0.7930  0.4899  0.8576  0.0000  0.0000  0.0000  0.0000  1691.0000   10478.0000
LCL Simple  K562    8   0   0.0010  1.0000  0.20    nan 66.2033 0.7745  0.4647  0.8802  0.0000  0.0000  0.0000  0.0000  1595.0000   11398.0000
LCL Simple  HepG2   8   0   0.0010  1.0000  0.20    nan 63.1398 0.7281  0.4196  0.8117  0.0000  0.0000  0.0000  0.0000  1691.0000   10478.0000
HepG2   Meta    K562    3   0   0.1000  0.1000  0.10    nan 74.8662 0.8319  0.5051  0.8940  0.0000  0.0000  0.0000  0.0000  1595.0000   11398.0000
HepG2   Meta    LCL 3   0   0.1000  0.1000  0.10    nan 60.3771 0.6661  0.3218  0.6820  0.0000  0.0000  0.0000  0.0000  2770.0000   18100.0000
HepG2   Double  K562    3   0   0.1000  0.1000  0.10    nan 76.8139 0.8718  0.5812  0.9387  0.0000  0.0000  13.9812 26.5204 1595.0000   11398.0000
HepG2   Double  LCL 3   0   0.1000  0.1000  0.10    nan 58.2348 0.6738  0.3301  0.6784  0.0079  5.5235  10.2166 12.0939 2770.0000   18100.0000
HepG2   Simple  K562    3   0   0.1000  0.1000  0.10    nan 77.0446 0.8235  0.5355  0.9185  0.0144  4.2633  9.9060  20.0000 1595.0000   11398.0000
HepG2   Simple  LCL 3   0   0.1000  0.1000  0.10    nan 57.5048 0.5720  0.2658  0.5668  0.0000  0.0000  0.0000  3.9711  2770.0000   18100.0000
K562    Meta    HepG2   3   0   0.1000  0.1000  0.10    nan 70.7398 0.7947  0.4812  0.8382  0.0000  0.0000  0.0000  0.0000  1691.0000   10478.0000
K562    Meta    LCL 3   0   0.1000  0.1000  0.10    nan 58.7680 0.6887  0.3384  0.6944  0.0000  0.0000  0.0000  13.3213 2770.0000   18100.0000
K562    Double  HepG2   3   0   0.1000  0.1000  0.10    nan 72.7207 0.8063  0.5110  0.8868  0.0000  0.0000  10.1715 18.9237 1691.0000   10478.0000
K562    Double  LCL 3   0   0.1000  0.1000  0.10    nan 60.5717 0.6910  0.3428  0.7048  0.0000  4.2238  10.1444 12.4188 2770.0000   18100.0000
